    191 
5987432 0.0
 151902 -0.1
 146592 -0.3
1027400 -0.4
1189070 0.4
3816402 1.0
3574463 -10.0
 262026 10.0
4803215 1.9
5600655 -2.0
  84070 2.5
4436213 2.8
3601720 3.0
  80848 3.2
3857107 3.4
 709032 3.5
  23807 3.8
1634565 -4.0
3980268 4.0
 644489 -4.4
  51911 4.5
3915408 -5.0
1208747 5.0
 501932 5.2
  24874 -5.6
  73272 -5.8
 905372 6.0
 442512 6.4
 501636 -6.5
 331034 -7.0
3915952 7.0
 198027 -7.2
1347671 7.4
  51317 -7.5
 126350 -8.0
 743798 8.0
 129429 8.3
  12692 8.5
 779543 -9.0
  62516 9.0
 169225 -9.2
 439796 -9.5
